%YAML:1.0
calibration_time: "Tue Oct 30 10:12:59 2012"
image_width: 1440
image_height: 1080
board_width: 9
board_height: 6
square_size: 1.
flags: 0
camera_matrix: !!opencv-matrix
   rows: 3
   cols: 3
   dt: d
   data: [ 3.0342750524699791e+03, 0., 5.9585299609637184e+02, 0.,
       4.0366891662117823e+03, 5.6403451391167448e+02, 0., 0., 1. ]
distortion_coefficients: !!opencv-matrix
   rows: 5
   cols: 1
   dt: d
   data: [ -8.7279200336554327e-02, 6.9003151196881403e+00,
       -1.1794088194493858e-03, -1.5057726908338081e-02,
       -7.7511164555522754e+01 ]
avg_reprojection_error: 7.1515867778021369e-01
image_points: !!opencv-matrix
   rows: 10
   cols: 54
   dt: "2f"
   data: [ 1.17802515e+03, 8.66739014e+02, 1.08188562e+03,
       8.68530457e+02, 9.84062866e+02, 8.70115906e+02, 8.85321106e+02,
       8.72302124e+02, 7.86363708e+02, 8.74499207e+02, 6.85839294e+02,
       8.76533081e+02, 5.83868164e+02, 8.78461914e+02, 4.81397888e+02,
       8.80974915e+02, 3.77909332e+02, 8.82856079e+02, 1.17905811e+03,
       7.34023499e+02, 1.08247681e+03, 7.35022949e+02, 9.84738586e+02,
       7.36313110e+02, 8.86002930e+02, 7.37743103e+02, 7.86720947e+02,
       7.39071655e+02, 6.86195312e+02, 7.40688843e+02, 5.84020264e+02,
       7.41921997e+02, 4.81446045e+02, 7.43602417e+02, 3.77818176e+02,
       7.45164368e+02, 1.17992273e+03, 6.01419800e+02, 1.08318677e+03,
       6.01671692e+02, 9.85385010e+02, 6.02027893e+02, 8.86315918e+02,
       6.03120178e+02, 7.86886902e+02, 6.03795349e+02, 6.86573914e+02,
       6.04455383e+02, 5.84226685e+02, 6.05333557e+02, 4.81339874e+02,
       6.06203796e+02, 3.77630859e+02, 6.07088074e+02, 1.18119214e+03,
       4.67712158e+02, 1.08414124e+03, 4.67284760e+02, 9.86119934e+02,
       4.67417175e+02, 8.86949890e+02, 4.67343170e+02, 7.87015625e+02,
       4.67665680e+02, 6.86274475e+02, 4.67507019e+02, 5.83673096e+02,
       4.67727966e+02, 4.80915680e+02, 4.68022827e+02, 3.77024719e+02,
       4.67758789e+02, 1.18222839e+03, 3.34227753e+02, 1.08509204e+03,
       3.33638092e+02, 9.87165588e+02, 3.32722382e+02, 8.87598022e+02,
       3.32361023e+02, 7.87726929e+02, 3.31383911e+02, 6.86615356e+02,
       3.30891052e+02, 5.83667236e+02, 3.30133698e+02, 4.80603424e+02,
       3.29890167e+02, 3.76428741e+02, 3.29013458e+02, 1.18346814e+03,
       1.99690475e+02, 1.08617786e+03, 1.98600800e+02, 9.88138062e+02,
       1.97271423e+02, 8.88442444e+02, 1.95775055e+02, 7.88211670e+02,
       1.94653702e+02, 6.86916626e+02, 1.93354324e+02, 5.83767334e+02,
       1.92025528e+02, 4.80156158e+02, 1.90676514e+02, 3.75708649e+02,
       1.89483551e+02, 1.09231970e+03, 8.38232544e+02, 1.00993103e+03,
       8.41906250e+02, 9.26256348e+02, 8.45131226e+02, 8.41632080e+02,
       8.49015137e+02, 7.56701538e+02, 8.52654663e+02, 6.71008545e+02,
       8.56475342e+02, 5.83538269e+02, 8.60281128e+02, 4.96094116e+02,
       8.64378967e+02, 4.07567322e+02, 8.68403564e+02, 1.09154639e+03,
       7.24478638e+02, 1.00877283e+03, 7.27268005e+02, 9.25303223e+02,
       7.30199585e+02, 8.40602966e+02, 7.33355957e+02, 7.55600769e+02,
       7.36639160e+02, 6.69619812e+02, 7.39687134e+02, 5.82323853e+02,
       7.43120300e+02, 4.94479828e+02, 7.46511475e+02, 4.06213684e+02,
       7.49867371e+02, 1.09069568e+03, 6.10280823e+02, 1.00790717e+03,
       6.12747375e+02, 9.24354553e+02, 6.15223999e+02, 8.39693359e+02,
       6.18076233e+02, 7.54551697e+02, 6.20654053e+02, 6.68554138e+02,
       6.23344482e+02, 5.80980957e+02, 6.25973450e+02, 4.93133911e+02,
       6.28815796e+02, 4.04320526e+02, 6.31575989e+02, 1.08983167e+03,
       4.95621002e+02, 1.00708112e+03, 4.97637756e+02, 9.23285339e+02,
       4.99474030e+02, 8.38631042e+02, 5.01579681e+02, 7.53412354e+02,
       5.03767639e+02, 6.66905029e+02, 5.05763641e+02, 5.79264893e+02,
       5.08027893e+02, 4.91286560e+02, 5.10228058e+02, 4.02741791e+02,
       5.12357971e+02, 1.08889404e+03, 3.81367523e+02, 1.00593231e+03,
       3.82892151e+02, 9.22529358e+02, 3.83956390e+02, 8.37500488e+02,
       3.85687714e+02, 7.52200745e+02, 3.87326019e+02, 6.65612427e+02,
       3.88925415e+02, 5.77751282e+02, 3.90487823e+02, 4.89561493e+02,
       3.92238647e+02, 4.00658173e+02, 3.93747375e+02, 1.08806262e+03,
       2.66468964e+02, 1.00503430e+03, 2.67468872e+02, 9.21424133e+02,
       2.68321259e+02, 8.36385376e+02, 2.69279358e+02, 7.50717957e+02,
       2.70142700e+02, 6.64115723e+02, 2.71280029e+02, 5.76098389e+02,
       2.72517334e+02, 4.87599213e+02, 2.73569000e+02, 3.98696472e+02,
       2.74806213e+02, 8.02333679e+02, 7.98074463e+02, 7.36796631e+02,
       7.85528076e+02, 6.73974731e+02, 7.73023254e+02, 6.13431152e+02,
       7.61297729e+02, 5.55552246e+02, 7.49921875e+02, 4.99896057e+02,
       7.39076477e+02, 4.45478790e+02, 7.28312988e+02, 3.93477386e+02,
       7.18340454e+02, 3.43449432e+02, 7.08509338e+02, 8.01377686e+02,
       6.81776978e+02, 7.36732849e+02, 6.71086731e+02, 6.73851929e+02,
       6.60922729e+02, 6.13147888e+02, 6.51207153e+02, 5.54992554e+02,
       6.41945007e+02, 4.98679657e+02, 6.32892212e+02, 4.43931030e+02,
       6.24273376e+02, 3.91673004e+02, 6.16022705e+02, 3.41351196e+02,
       6.07896912e+02, 8.00476257e+02, 5.64892944e+02, 7.35797791e+02,
       5.56678650e+02, 6.72878113e+02, 5.48451111e+02, 6.12153137e+02,
       5.40825623e+02, 5.53408569e+02, 5.33596985e+02, 4.96426758e+02,
       5.26763428e+02, 4.41460388e+02, 5.19717590e+02, 3.89260345e+02,
       5.13438721e+02, 3.38492676e+02, 5.07095673e+02, 7.98890381e+02,
       4.46867279e+02, 7.34793762e+02, 4.40722260e+02, 6.72263916e+02,
       4.34634003e+02, 6.11268433e+02, 4.29290741e+02, 5.52589966e+02,
       4.24149109e+02, 4.96217651e+02, 4.18998077e+02, 4.41235260e+02,
       4.14024780e+02, 3.87909668e+02, 4.09487030e+02, 3.36425507e+02,
       4.05037994e+02, 7.97538574e+02, 3.28606964e+02, 7.33440186e+02,
       3.24926605e+02, 6.70606506e+02, 3.21059814e+02, 6.09817566e+02,
       3.17763306e+02, 5.51299744e+02, 3.14546051e+02, 4.94629974e+02,
       3.11508636e+02, 4.39261230e+02, 3.08508209e+02, 3.85668701e+02,
       3.05646057e+02, 3.33837677e+02, 3.02842133e+02, 7.96463440e+02,
       2.09149979e+02, 7.31615479e+02, 2.07866699e+02, 6.68679688e+02,
       2.06464722e+02, 6.07474121e+02, 2.05025833e+02, 5.48953003e+02,
       2.04054657e+02, 4.92888916e+02, 2.03086334e+02, 4.37162476e+02,
       2.01750626e+02, 3.83560974e+02, 2.00875015e+02, 3.32052948e+02,
       1.99751038e+02, 1.27132068e+03, 8.23137512e+02, 1.20345605e+03,
       8.10865234e+02, 1.13828052e+03, 7.98603027e+02, 1.07587976e+03,
       7.87526794e+02, 1.01623920e+03, 7.76516479e+02, 9.59301025e+02,
       7.66156189e+02, 9.04061890e+02, 7.55837463e+02, 8.51244812e+02,
       7.46523315e+02, 8.01065247e+02, 7.37231750e+02, 1.27171838e+03,
       7.09275024e+02, 1.20435278e+03, 6.99219666e+02, 1.13909387e+03,
       6.89392822e+02, 1.07624487e+03, 6.80543335e+02, 1.01621918e+03,
       6.71714417e+02, 9.59057678e+02, 6.63437256e+02, 9.03523743e+02,
       6.55274292e+02, 8.50722900e+02, 6.47755310e+02, 8.00338928e+02,
       6.40054871e+02, 1.27201355e+03, 5.94662109e+02, 1.20466492e+03,
       5.87433411e+02, 1.13888794e+03, 5.80009583e+02, 1.07548145e+03,
       5.73451172e+02, 1.01537903e+03, 5.66764038e+02, 9.57595947e+02,
       5.60604431e+02, 9.02271912e+02, 5.54252869e+02, 8.49612732e+02,
       5.48663574e+02, 7.99020630e+02, 5.43079041e+02, 1.27231128e+03,
       4.79633972e+02, 1.20514722e+03, 4.74675354e+02, 1.13939697e+03,
       4.69636475e+02, 1.07571619e+03, 4.64993378e+02, 1.01534717e+03,
       4.60766571e+02, 9.58102783e+02, 4.56517517e+02, 9.02731201e+02,
       4.52266357e+02, 8.49509460e+02, 4.48518768e+02, 7.98399658e+02,
       4.44651703e+02, 1.27307947e+03, 3.64350250e+02, 1.20539441e+03,
       3.62062439e+02, 1.13949670e+03, 3.59368500e+02, 1.07569653e+03,
       3.57356476e+02, 1.01512018e+03, 3.54932251e+02, 9.57142883e+02,
       3.52833221e+02, 9.01529541e+02, 3.50703735e+02, 8.48731079e+02,
