%YAML:1.0
calibration_time: "Tue Oct 30 09:27:09 2012"
nframes: 10
image_width: 160
image_height: 120
board_width: 6
board_height: 3
square_size: 5.0000000000000000e-01
flags: 0
camera_matrix: !!opencv-matrix
   rows: 3
   cols: 3
   dt: d
   data: [ 1.5284138846128673e+02, 0., 7.9567249257453312e+01, 0.,
       1.5270955471147468e+02, 6.3098683031889252e+01, 0., 0., 1. ]
distortion_coefficients: !!opencv-matrix
   rows: 5
   cols: 1
   dt: d
   data: [ -1.0081117054119926e-01, 2.8163356731346029e-01,
       1.9216203828032561e-03, 7.6532487946811341e-04,
       -4.7165231063792018e-01 ]
avg_reprojection_error: 9.4683627708924467e-02
per_view_reprojection_errors: !!opencv-matrix
   rows: 10
   cols: 1
   dt: f
   data: [ 8.42123106e-02, 8.87306482e-02, 9.98461917e-02,
       1.07190497e-01, 8.75375122e-02, 9.84307826e-02, 8.37515071e-02,
       9.90850329e-02, 1.00391202e-01, 9.46784168e-02 ]
# a set of 6-tuples (rotation vector + translation vector) for each view
extrinsic_parameters: !!opencv-matrix
   rows: 10
   cols: 6
   dt: d
   data: [ -7.6648125682234933e-02, -7.4176168533297143e-02,
       -5.1154460784630026e-02, -1.1512438599423971e+00,
       -2.9179315651508209e-01, 3.6482618752282066e+00,
       -6.2476577231979046e-02, -9.1488542159351802e-02,
       -4.4022512550144145e-02, -8.4138556615644933e-01,
       -4.2388585368365989e-01, 3.5159033049156418e+00,
       -7.4393960270055251e-02, -1.0308836179818409e-01,
       -5.5776346184673593e-02, -8.5444406120250993e-01,
       -1.0771087680252585e+00, 3.3990527695503854e+00,
       -7.7229880148481769e-02, -1.8165207711226136e-01,
       -7.4148496706396394e-02, -1.4430622200193490e+00,
       -1.0061204534730548e+00, 3.3130749343700301e+00,
       -1.0303093737494767e-01, -1.3550523110433799e-01,
       -4.0946367727405356e-02, -1.4205824816593362e+00,
       -8.4731189831122974e-02, 3.4189163852810478e+00,
       -1.3673846603539203e-01, -8.2818264605945158e-02,
       7.6090896747063416e-02, -8.5177315812828935e-01,
       -2.4315561046819106e-01, 3.5832561834080403e+00,
       -2.1206990528702240e-02, -1.1375400436452814e-01,
       -2.5126008792594180e-02, -1.1712926691493601e+00,
       -5.7798795807513270e-01, 3.7868882564229009e+00,
       9.9883046736077813e-02, -1.1364678408542439e-01,
       -1.9518707244138869e-02, -1.2041789024232294e+00,
       -6.3024784267023815e-01, 3.4895036306473761e+00,
       1.5314995164627890e-01, -1.0876780086840951e-01,
       -3.0766264427287988e-02, -1.1869333255262782e+00,
       -1.0267703700276287e+00, 3.1034702302240746e+00,
       -3.5476388595018526e-01, -8.4815554820617908e-02,
       -4.9765121751719488e-02, -1.0850864594253966e+00,
       -1.1702704268248548e-01, 3.6320373120969074e+00 ]
image_points: !!opencv-matrix
   rows: 10
   cols: 18
   dt: "2f"
   data: [ 3.16627464e+01, 5.10229340e+01, 5.25036697e+01,
       5.01247559e+01, 7.33219452e+01, 4.92049026e+01, 9.34326706e+01,
       4.83969078e+01, 1.13313881e+02, 4.75732384e+01, 1.32273697e+02,
       4.69002037e+01, 3.23522530e+01, 7.17594299e+01, 5.34225998e+01,
       7.06818085e+01, 7.42626190e+01, 6.96168671e+01, 9.46827316e+01,
       6.85830612e+01, 1.14599358e+02, 6.75444260e+01, 1.34049637e+02,
       6.65703430e+01, 3.31842537e+01, 9.28847809e+01, 5.43209114e+01,
       9.16730270e+01, 7.53796234e+01, 9.04635620e+01, 9.58624954e+01,
       8.92535782e+01, 1.16208755e+02, 8.78850174e+01, 1.35598038e+02,
       8.65895615e+01, 4.33053818e+01, 4.47532768e+01, 6.47572098e+01,
       4.41626091e+01, 8.62057419e+01, 4.34269104e+01, 1.06651314e+02,
       4.28688583e+01, 1.26662880e+02, 4.24372330e+01, 1.45725052e+02,
       4.20003700e+01, 4.38752365e+01, 6.64678574e+01, 6.56550980e+01,
       6.54738388e+01, 8.71439285e+01, 6.45554810e+01, 1.07889526e+02,
       6.36514130e+01, 1.27917198e+02, 6.27643356e+01, 1.47470428e+02,
       6.20878410e+01, 4.47102013e+01, 8.82797012e+01, 6.65725784e+01,
       8.71872406e+01, 8.81979980e+01, 8.59222336e+01, 1.09023338e+02,
       8.46969910e+01, 1.29451248e+02, 8.35668488e+01, 1.48851242e+02,
       8.24360428e+01, 4.16312103e+01, 1.52735720e+01, 6.38208580e+01,
       1.46886053e+01, 8.56129608e+01, 1.43588858e+01, 1.06521156e+02,
       1.41679993e+01, 1.26904709e+02, 1.38653078e+01, 1.46224319e+02,
       1.38027439e+01, 4.24594078e+01, 3.70455017e+01, 6.49292374e+01,
       3.62123032e+01, 8.69278107e+01, 3.55054588e+01, 1.08302956e+02,
       3.47653351e+01, 1.28630600e+02, 3.43650627e+01, 1.48541260e+02,
       3.37030563e+01, 4.34210129e+01, 5.93417130e+01, 6.60435562e+01,
       5.83189812e+01, 8.83987656e+01, 5.71984978e+01, 1.09804665e+02,
       5.62163162e+01, 1.30727005e+02, 5.51992188e+01, 1.50579346e+02,
       5.43047371e+01, 1.42453566e+01, 1.75400105e+01, 3.73233948e+01,
       1.71405315e+01, 5.95893593e+01, 1.66207256e+01, 8.07089081e+01,
       1.64882851e+01, 1.00985924e+02, 1.63144703e+01, 1.19846138e+02,
       1.63167782e+01, 1.51612597e+01, 3.97589188e+01, 3.85410995e+01,
       3.87423363e+01, 6.09942093e+01, 3.78698387e+01, 8.25054321e+01,
       3.70600204e+01, 1.02791718e+02, 3.64307137e+01, 1.22270721e+02,
       3.57164421e+01, 1.63430367e+01, 6.25854912e+01, 3.97879448e+01,
       6.11922951e+01, 6.25254250e+01, 5.96089325e+01, 8.41987457e+01,
       5.83214340e+01, 1.04970833e+02, 5.69259377e+01, 1.24341583e+02,
       5.57296181e+01, 1.67446785e+01, 5.94210091e+01, 3.92689018e+01,
       5.86466103e+01, 6.11982613e+01, 5.79948616e+01, 8.22959137e+01,
       5.74328957e+01, 1.02680397e+02, 5.67277107e+01, 1.22033066e+02,
       5.63761292e+01, 1.69716911e+01, 8.16431656e+01, 3.96853867e+01,
       8.05426483e+01, 6.18207855e+01, 7.95757599e+01, 8.33876877e+01,
       7.85422974e+01, 1.03908012e+02, 7.75120316e+01, 1.23707161e+02,
       7.65346298e+01, 1.74394417e+01, 1.04367050e+02, 4.03787346e+01,
       1.02998985e+02, 6.26958542e+01, 1.01521980e+02, 8.43492203e+01,
       1.00190323e+02, 1.05390358e+02, 9.87102661e+01, 1.25243332e+02,
       9.73002853e+01, 4.34641991e+01, 5.27228737e+01, 6.45624924e+01,
       5.45192032e+01, 8.55852127e+01, 5.63062935e+01, 1.05882324e+02,
       5.80728912e+01, 1.25740189e+02, 5.97649956e+01, 1.44741425e+02,
       6.15212364e+01, 4.12579193e+01, 7.40449677e+01, 6.28077621e+01,
       7.56048126e+01, 8.41206284e+01, 7.72575531e+01, 1.04923088e+02,
       7.87289200e+01, 1.25105484e+02, 8.02367249e+01, 1.44681961e+02,
       8.16565781e+01, 3.91782646e+01, 9.58942413e+01, 6.09715462e+01,
       9.74197464e+01, 8.26697769e+01, 9.87551117e+01, 1.03678543e+02,
       1.00141113e+02, 1.24522736e+02, 1.01413170e+02, 1.44426315e+02,
       1.02505493e+02, 3.27525291e+01, 4.00329895e+01, 5.28116302e+01,
       3.97190933e+01, 7.26336746e+01, 3.95540161e+01, 9.17473221e+01,
       3.95066605e+01, 1.10491150e+02, 3.94590416e+01, 1.28248947e+02,
       3.94821320e+01, 3.31650925e+01, 6.00433464e+01, 5.33501587e+01,
       5.95177155e+01, 7.31302948e+01, 5.91750565e+01, 9.24520187e+01,
       5.86354141e+01, 1.11059242e+02, 5.83725014e+01, 1.29144699e+02,
       5.79999962e+01, 3.35568275e+01, 8.00767670e+01, 5.36543121e+01,
       7.94476547e+01, 7.35769653e+01, 7.86726456e+01, 9.28315887e+01,
       7.80903397e+01, 1.11697357e+02, 7.73812943e+01, 1.29658829e+02,
       7.65967484e+01, 2.73697262e+01, 3.58124008e+01, 4.92731819e+01,
       3.56110573e+01, 7.06466217e+01, 3.54676514e+01, 9.14866791e+01,
       3.54328766e+01, 1.11637398e+02, 3.53958130e+01, 1.30755432e+02,
       3.54066086e+01, 2.83254356e+01, 5.75351982e+01, 4.98392296e+01,
       5.69827003e+01, 7.10831985e+01, 5.65445671e+01, 9.16270523e+01,
       5.61846619e+01, 1.11510452e+02, 5.56406860e+01, 1.30641937e+02,
       5.54341431e+01, 2.94412231e+01, 7.84289856e+01, 5.05826988e+01,
       7.76755905e+01, 7.14739227e+01, 7.70316391e+01, 9.16375961e+01,
       7.63986969e+01, 1.11498566e+02, 7.56353912e+01, 1.30314484e+02,
       7.48320236e+01, 2.20090847e+01, 1.34295683e+01, 4.65085411e+01,
